Input: examples\triangulated-20.txt

Vertices: 20
Edges: 54

Planar: yes

Cyclic edge order:
1: 2 3 13 4 14 5 15 6
2: 1 6 11 19 7 3
3: 1 2 7 8 4 13
4: 1 13 3 8 20 9 5 14
5: 1 14 4 9 10 6 15
6: 1 15 5 10 11 2
7: 2 19 11 18 12 16 8 3
8: 3 7 16 12 9 20 4
9: 4 20 8 12 17 10 5
10: 5 9 17 12 11 6
11: 2 6 10 12 18 7 19
12: 7 18 11 10 17 9 8 16
13: 1 3 4
14: 1 4 5
15: 1 5 6
16: 7 12 8
17: 9 12 10
18: 7 11 12
19: 2 11 7
20: 4 8 9

Coordinates:
1: (0.000000, 0.000000)
2: (4.000000, 0.000000)
3: (1.777999, 0.452756)
4: (1.267640, 0.705099)
5: (1.266356, 1.308095)
6: (2.000000, 3.500000)
7: (2.497879, 0.780496)
8: (1.887265, 0.844991)
9: (1.723490, 1.095927)
10: (1.939910, 1.581878)
11: (2.572480, 1.237820)
12: (2.141999, 1.092616)
13: (1.015213, 0.385952)
14: (0.844665, 0.671065)
15: (1.088785, 1.602698)
16: (2.175714, 0.906034)
17: (1.935133, 1.256807)
18: (2.404119, 1.036977)
19: (3.023453, 0.672772)
20: (1.626132, 0.882006)
